   0.00000000       45.0000000               1
   9.99999978E-03   44.9977493               1
   1.99999996E-02   44.9910011               1
   2.99999993E-02   44.9797516               1
   3.99999991E-02   44.9640045               1
   4.99999970E-02   44.9437637               1
   5.99999987E-02   44.9190254               1
   7.00000003E-02   44.8897972               1
   7.99999982E-02   44.8560791               1
   8.99999961E-02   44.8178711               1
   9.99999940E-02   44.7751884               1
  0.109999999       44.7280235               1
  0.119999997       44.6763878               1
  0.129999995       44.6202850               1
  0.140000001       44.5597191               1
  0.149999991       44.4946976               1
  0.159999996       44.4252281               1
  0.170000002       44.3513145               1
  0.179999992       44.2729645               1
  0.189999998       44.1901894               1
  0.199999988       44.1029968               1
  0.209999993       44.0113907               1
  0.219999999       43.9153862               1
  0.229999989       43.8149872               1
  0.239999995       43.7102089               1
  0.250000000       43.6010590               1
  0.259999990       43.4875488               1
  0.269999981       43.3696899               1
  0.280000001       43.2474937               1
  0.289999992       43.1209755               1
  0.299999982       42.9901428               1
  0.310000002       42.8550110               1
  0.319999993       42.7155952               1
  0.329999983       42.5719070               1
  0.340000004       42.4239616               1
  0.349999994       42.2717705               1
  0.359999985       42.1153564               1
  0.370000005       41.9547310               1
  0.379999995       41.7899094               1
  0.389999986       41.6209068               1
  0.399999976       41.4477425               1
  0.409999996       41.2704353               1
  0.419999987       41.0890007               1
  0.429999977       40.9034576               1
  0.439999998       40.7138252               1
  0.449999988       40.5201225               1
  0.459999979       40.3223610               1
  0.469999999       40.1205750               1
  0.479999989       39.9147720               1
  0.489999980       39.7049789               1
  0.500000000       39.4912148               1
  0.509999990       39.2735023               1
  0.519999981       39.0518646               1
  0.529999971       38.8263206               1
  0.539999962       38.5968895               1
  0.550000012       38.3636017               1
  0.560000002       38.1264801               1
  0.569999993       37.8855438               1
  0.579999983       37.6408195               1
  0.589999974       37.3923340               1
  0.599999964       37.1401024               1
  0.610000014       36.8841629               1
  0.620000005       36.6245308               1
  0.629999995       36.3612366               1
  0.639999986       36.0943108               1
  0.649999976       35.8237724               1
  0.659999967       35.5496521               1
  0.669999957       35.2719765               1
  0.680000007       34.9907722               1
  0.689999998       34.7060699               1
  0.699999988       34.4179001               1
  0.709999979       34.1262856               1
  0.719999969       33.8312569               1
  0.729999959       33.5328484               1
  0.740000010       33.2310829               1
  0.750000000       32.9259987               1
  0.759999990       32.6176186               1
  0.769999981       32.3059807               1
  0.779999971       31.9911098               1
  0.789999962       31.6730404               1
  0.799999952       31.3518047               1
  0.810000002       31.0274296               1
  0.819999993       30.6999550               1
  0.829999983       30.3694115               1
  0.839999974       30.0358276               1
  0.849999964       29.6992416               1
  0.859999955       29.3596878               1
  0.870000005       29.0171947               1
  0.879999995       28.6718006               1
  0.889999986       28.3235416               1
  0.899999976       27.9724503               1
  0.909999967       27.6185589               1
  0.919999957       27.2619076               1
  0.930000007       26.9025288               1
  0.939999998       26.5404606               1
  0.949999988       26.1757393               1
  0.959999979       25.8084011               1
  0.969999969       25.4384804               1
  0.979999959       25.0660152               1
  0.989999950       24.6910458               1
   1.00000000       24.3136024               1
   1.00999999       23.9337311               1
   1.01999998       23.5514679               1
   1.02999997       23.1668472               1
   1.03999996       22.7799129               1
   1.04999995       22.3906994               1
   1.05999994       21.9992466               1
   1.06999993       21.6055927               1
   1.07999992       21.2097797               1
   1.09000003       20.8118401               1
   1.10000002       20.4118233               1
   1.11000001       20.0097675               1
   1.12000000       19.6057110               1
   1.13000000       19.1996918               1
   1.13999999       18.7917538               1
   1.14999998       18.3819370               1
   1.15999997       17.9702797               1
   1.16999996       17.5568275               1
   1.17999995       17.1416187               1
   1.18999994       16.7246971               1
   1.19999993       16.3061028               1
   1.20999992       15.8858767               1
   1.22000003       15.4640579               1
   1.23000002       15.0406961               1
   1.24000001       14.6158333               1
   1.25000000       14.1895065               1
   1.25999999       13.7617617               1
   1.26999998       13.3326397               1
   1.27999997       12.9021854               1
   1.28999996       12.4704409               1
   1.29999995       12.0374498               1
   1.30999994       11.6032534               1
   1.31999993       11.1678982               1
   1.32999992       10.7314253               1
   1.33999991       10.2938805               1
   1.35000002       9.85529995               1
   1.36000001       9.41573906               1
   1.37000000       8.97523689               1
   1.38000000       8.53383732               1
   1.38999999       8.09158516               1
   1.39999998       7.64852238               1
   1.40999997       7.20469570               1
   1.41999996       6.76014757               1
   1.42999995       6.31492472               1
   1.43999994       5.86906958               1
   1.44999993       5.42262745               1
   1.45999992       4.97564363               1
   1.46999991       4.52816200               1
   1.48000002       4.08022213               1
   1.49000001       3.63187957               1
   1.50000000       3.18317389               1
   1.50999999       2.73415017               1
   1.51999998       2.28485274               1
   1.52999997       1.83532679               1
   1.53999996       1.38561738               1
   1.54999995      0.935769439               1
   1.55999994      0.485827863               1
   1.56999993       3.58377062E-02           1
   1.57999992     -0.414155990               1
   1.58999991     -0.864108324               1
   1.59999990      -1.31397426               1
   1.61000001      -1.76371408               1
   1.62000000      -2.21327209               1
   1.63000000      -2.66260886               1
   1.63999999      -3.11167955               1
   1.64999998      -3.56043911               1
   1.65999997      -4.00884247               1
   1.66999996      -4.45684481               1
   1.67999995      -4.90440130               1
   1.68999994      -5.35146809               1
   1.69999993      -5.79799891               1
   1.70999992      -6.24395037               1
   1.71999991      -6.68927765               1
   1.73000002      -7.13394117               1
   1.74000001      -7.57788563               1
   1.75000000      -8.02107239               1
   1.75999999      -8.46345711               1
   1.76999998      -8.90499592               1
   1.77999997      -9.34564400               1
   1.78999996      -9.78535652               1
   1.79999995      -10.2240915               1
   1.80999994      -10.6618052               1
   1.81999993      -11.0984516               1
   1.82999992      -11.5339870               1
   1.83999991      -11.9683704               1
   1.84999990      -12.4015570               1
   1.86000001      -12.8335075               1
   1.87000000      -13.2641716               1
   1.88000000      -13.6935072               1
   1.88999999      -14.1214752               1
   1.89999998      -14.5480299               1
   1.90999997      -14.9731302               1
   1.91999996      -15.3967323               1
   1.92999995      -15.8187962               1
   1.93999994      -16.2392769               1
   1.94999993      -16.6581345               1
   1.95999992      -17.0753269               1
   1.96999991      -17.4908104               1
   1.97999990      -17.9045467               1
   1.99000001      -18.3164940               1
   2.00000000      -18.7266083               1
   2.00999999      -19.1348476               1
   2.01999998      -19.5411739               1
   2.02999997      -19.9455471               1
   2.03999996      -20.3479252               1
   2.04999995      -20.7482700               1
   2.05999994      -21.1465378               1
   2.06999993      -21.5426922               1
   2.07999992      -21.9366913               1
   2.08999991      -22.3284988               1
   2.09999990      -22.7180710               1
   2.10999990      -23.1053715               1
   2.11999989      -23.4903622               1
   2.12999988      -23.8730068               1
   2.13999987      -24.2532616               1
   2.14999986      -24.6310902               1
   2.15999985      -25.0064545               1
   2.16999984      -25.3793221               1
   2.18000007      -25.7496567               1
   2.19000006      -26.1174126               1
   2.20000005      -26.4825516               1
   2.21000004      -26.8450451               1
   2.22000003      -27.2048531               1
   2.23000002      -27.5619392               1
   2.24000001      -27.9162731               1
   2.25000000      -28.2678146               1
   2.25999999      -28.6165257               1
   2.26999998      -28.9623775               1
   2.27999997      -29.3053322               1
   2.28999996      -29.6453590               1
   2.29999995      -29.9824181               1
   2.30999994      -30.3164825               1
   2.31999993      -30.6475124               1
   2.32999992      -30.9754772               1
   2.33999991      -31.3003464               1
   2.34999990      -31.6220856               1
   2.35999990      -31.9406624               1
   2.36999989      -32.2560463               1
   2.37999988      -32.5681992               1
   2.38999987      -32.8771019               1
   2.39999986      -33.1827126               1
   2.40999985      -33.4850044               1
   2.41999984      -33.7839508               1
   2.42999983      -34.0795212               1
   2.44000006      -34.3716850               1
   2.45000005      -34.6604080               1
   2.46000004      -34.9456635               1
   2.47000003      -35.2274246               1
   2.48000002      -35.5056648               1
   2.49000001      -35.7803535               1
   2.50000000      -36.0514603               1
   2.50999999      -36.3189697               1
   2.51999998      -36.5828400               1
   2.52999997      -36.8430557               1
   2.53999996      -37.0995865               1
   2.54999995      -37.3524094               1
   2.55999994      -37.6014938               1
   2.56999993      -37.8468208               1
   2.57999992      -38.0883598               1
   2.58999991      -38.3260918               1
   2.59999990      -38.5599937               1
   2.60999990      -38.7900352               1
   2.61999989      -39.0162010               1
   2.62999988      -39.2384605               1
   2.63999987      -39.4568024               1
   2.64999986      -39.6711960               1
   2.65999985      -39.8816223               1
   2.66999984      -40.0880585               1
   2.67999983      -40.2904930               1
   2.69000006      -40.4888954               1
   2.70000005      -40.6832466               1
   2.71000004      -40.8735313               1
   2.72000003      -41.0597267               1
   2.73000002      -41.2418175               1
   2.74000001      -41.4197807               1
   2.75000000      -41.5936089               1
   2.75999999      -41.7632713               1
   2.76999998      -41.9287605               1
   2.77999997      -42.0900536               1
   2.78999996      -42.2471428               1
   2.79999995      -42.4000015               1
   2.80999994      -42.5486259               1
   2.81999993      -42.6929932               1
   2.82999992      -42.8330917               1
   2.83999991      -42.9689064               1
   2.84999990      -43.1004257               1
   2.85999990      -43.2276306               1
   2.86999989      -43.3505173               1
   2.87999988      -43.4690666               1
   2.88999987      -43.5832710               1
   2.89999986      -43.6931152               1
   2.90999985      -43.7985916               1
   2.91999984      -43.8996887               1
   2.92999983      -43.9963913               1
   2.93999982      -44.0886993               1
   2.95000005      -44.1765976               1
   2.96000004      -44.2600822               1
   2.97000003      -44.3391342               1
   2.98000002      -44.4137535               1
   2.99000001      -44.4839325               1
   3.00000000      -44.5496635               1
   3.00999999      -44.6109390               1
   3.01999998      -44.6677513               1
   3.02999997      -44.7201004               1
   3.03999996      -44.7679749               1
   3.04999995      -44.8113747               1
   3.05999994      -44.8502922               1
   3.06999993      -44.8847237               1
   3.07999992      -44.9146690               1
   3.08999991      -44.9401207               1
   3.09999990      -44.9610825               1
   3.10999990      -44.9775429               1
   3.11999989      -44.9895096               1
   3.12999988      -44.9969788               1
   3.13999987      -44.9999428               1
   3.14999986      -44.9984093               1
   3.15999985      -44.9923782               1
   3.16999984      -44.9818459               1
   3.17999983      -44.9668121               1
   3.18999982      -44.9472847               1
   3.19999981      -44.9232635               1
   3.21000004      -44.8947487               1
   3.22000003      -44.8617477               1
   3.23000002      -44.8242569               1
   3.24000001      -44.7822838               1
   3.25000000      -44.7358360               1
   3.25999999      -44.6849136               1
   3.26999998      -44.6295204               1
   3.27999997      -44.5696640               1
   3.28999996      -44.5053520               1
   3.29999995      -44.4365921               1
   3.30999994      -44.3633842               1
   3.31999993      -44.2857399               1
   3.32999992      -44.2036705               1
   3.33999991      -44.1171799               1
   3.34999990      -44.0262794               1
   3.35999990      -43.9309692               1
   3.36999989      -43.8312721               1
   3.37999988      -43.7271881               1
   3.38999987      -43.6187363               1
   3.39999986      -43.5059204               1
   3.40999985      -43.3887558               1
   3.41999984      -43.2672462               1
   3.42999983      -43.1414185               1
   3.43999982      -43.0112724               1
   3.44999981      -42.8768234               1
   3.46000004      -42.7380867               1
   3.47000003      -42.5950737               1
   3.48000002      -42.4478073               1
   3.49000001      -42.2962914               1
   3.50000000      -42.1405487               1
   3.50999999      -41.9805946               1
   3.51999998      -41.8164406               1
   3.52999997      -41.6481018               1
   3.53999996      -41.4756012               1
   3.54999995      -41.2989540               1
   3.55999994      -41.1181755               1
   3.56999993      -40.9332848               1
   3.57999992      -40.7443008               1
   3.58999991      -40.5512428               1
   3.59999990      -40.3541298               1
   3.60999990      -40.1529846               1
   3.61999989      -39.9478188               1
   3.62999988      -39.7386589               1
   3.63999987      -39.5255280               1
   3.64999986      -39.3084450               1
   3.65999985      -39.0874252               1
   3.66999984      -38.8625031               1
   3.67999983      -38.6336937               1
   3.68999982      -38.4010201               1
   3.69999981      -38.1645050               1
   3.70999980      -37.9241753               1
   3.72000003      -37.6800461               1
   3.73000002      -37.4321594               1
   3.74000001      -37.1805229               1
   3.75000000      -36.9251709               1
   3.75999999      -36.6661263               1
   3.76999998      -36.4034157               1
   3.77999997      -36.1370659               1
   3.78999996      -35.8670998               1
   3.79999995      -35.5935478               1
   3.80999994      -35.3164368               1
   3.81999993      -35.0357933               1
   3.82999992      -34.7516479               1
   3.83999991      -34.4640274               1
   3.84999990      -34.1729584               1
   3.85999990      -33.8784752               1
   3.86999989      -33.5806007               1
   3.87999988      -33.2793732               1
   3.88999987      -32.9748154               1
   3.89999986      -32.6669579               1
   3.90999985      -32.3558350               1
   3.91999984      -32.0414772               1
   3.92999983      -31.7239151               1
   3.93999982      -31.4031792               1
   3.94999981      -31.0793056               1
   3.95999980      -30.7523232               1
   3.97000003      -30.4222565               1
   3.98000002      -30.0891571               1
   3.99000001      -29.7530479               1
   4.00000000      -29.4139633               1
   4.00999975      -29.0719452               1
   4.01999998      -28.7270031               1
   4.02999973      -28.3792057               1
   4.03999996      -28.0285549               1
   4.04999971      -27.6751156               1
   4.05999994      -27.3188934               1
   4.06999969      -26.9599590               1
   4.07999992      -26.5983086               1
   4.08999968      -26.2340164               1
   4.09999990      -25.8670807               1
   4.11000013      -25.4975624               1
   4.11999989      -25.1255074               1
   4.13000011      -24.7509251               1
   4.13999987      -24.3738842               1
   4.15000010      -23.9943905               1
   4.15999985      -23.6125126               1
   4.17000008      -23.2282581               1
   4.17999983      -22.8416977               1
   4.19000006      -22.4528351               1
   4.19999981      -22.0617447               1
   4.21000004      -21.6684303               1
   4.21999979      -21.2729664               1
   4.23000002      -20.8753586               1
   4.23999977      -20.4756813               1
   4.25000000      -20.0739365               1
   4.25999975      -19.6702042               1
   4.26999998      -19.2644863               1
   4.27999973      -18.8568611               1
   4.28999996      -18.4473305               1
   4.29999971      -18.0359745               1
   4.30999994      -17.6227951               1
   4.31999969      -17.2078743               1
   4.32999992      -16.7912121               1
   4.33999968      -16.3728905               1
   4.34999990      -15.9529114               1
   4.36000013      -15.5313377               1
   4.36999989      -15.1082315               1
   4.38000011      -14.6835938               1
   4.38999987      -14.2575073               1
   4.40000010      -13.8299751               1
   4.40999985      -13.4010811               1
   4.42000008      -12.9708252               1
   4.42999983      -12.5392933               1
   4.44000006      -12.1064873               1
   4.44999981      -11.6724911               1
   4.46000004      -11.2373066               1
   4.46999979      -10.8010197               1
   4.48000002      -10.3636312               1
   4.48999977      -9.92522812               1
   4.50000000      -9.48581123               1
   4.50999975      -9.04546642               1
   4.51999998      -8.60419559               1
   4.52999973      -8.16208649               1
   4.53999996      -7.71914005               1
   4.54999971      -7.27544212               1
   4.55999994      -6.83099651               1
   4.56999969      -6.38588762               1
   4.57999992      -5.94012022               1
   4.58999968      -5.49377918               1
   4.59999990      -5.04686785               1
   4.61000013      -4.59945202               1
   4.61999989      -4.15159702               1
   4.63000011      -3.70330596               1
   4.63999987      -3.25466585               1
   4.65000010      -2.80567884               1
   4.65999985      -2.35643268               1
   4.67000008      -1.90692961               1
   4.67999983      -1.45725703               1
   4.69000006      -1.00741732               1
   4.69999981     -0.557498455               1
   4.71000004     -0.107502297               1
   4.71999979      0.342483133               1
   4.73000002      0.792455792               1
   4.73999977       1.24232769               1
   4.75000000       1.69209683               1
   4.75999975       2.14167523               1
   4.76999998       2.59106112               1
   4.77999973       3.04016662               1
   4.78999996       3.48898888               1
   4.79999971       3.93744159               1
   4.80999994       4.38552141               1
   4.81999969       4.83314133               1
   4.82999992       5.28029966               1
   4.83999968       5.72690868               1
   4.84999990       6.17296600               1
   4.85999966       6.61838484               1
   4.86999989       7.06316280               1
   4.88000011       7.50723457               1
   4.88999987       7.95053482               1
   4.90000010       8.39306068               1
   4.90999985       8.83472633               1
   4.92000008       9.27552986               1
   4.92999983       9.71538448               1
   4.94000006       10.1542892               1
   4.94999981       10.5921564               1
   4.96000004       11.0289860               1
   4.96999979       11.4646921               1
   4.98000002       11.8992720               1
   4.98999977       12.3326416               1
   5.00000000       12.7647991               1
   5.00999975       13.1956587               1
   5.01999998       13.6252193               1
   5.02999973       14.0533962               1
   5.03999996       14.4801893               1
   5.04999971       14.9055147               1
   5.05999994       15.3293686               1
   5.06999969       15.7516689               1
   5.07999992       16.1724148               1
   5.08999968       16.5915260               1
   5.09999990       17.0089951               1
   5.10999966       17.4247437               1
   5.11999989       17.8387699               1
   5.13000011       18.2510128               1
   5.13999987       18.6614094               1
   5.15000010       19.0699596               1
   5.15999985       19.4765854               1
   5.17000008       19.8812809               1
   5.17999983       20.2839718               1
   5.19000006       20.6846504               1
   5.19999981       21.0832424               1
   5.21000004       21.4797459               1
   5.21999979       21.8740807               1
   5.23000002       22.2662487               1
   5.23999977       22.6561718               1
   5.25000000       23.0438480               1
   5.25999975       23.4291973               1
   5.26999998       23.8122272               1
   5.27999973       24.1928539               1
   5.28999996       24.5710812               1
   5.29999971       24.9468346               1
   5.30999994       25.3201103               1
   5.31999969       25.6908360               1
   5.32999992       26.0590096               1
   5.33999968       26.4245605               1
   5.34999990       26.7874870               1
   5.35999966       27.1477165               1
   5.36999989       27.5052490               1
   5.38000011       27.8600292               1
   5.38999987       28.2120075               1
   5.40000010       28.5611839               1
   5.40999985       28.9074841               1
   5.42000008       29.2509117               1
   5.42999983       29.5913982               1
   5.44000006       29.9289417               1
   5.44999981       30.2634735               1
   5.46000004       30.5949974               1
   5.46999979       30.9234486               1
   5.48000002       31.2488194               1
   5.48999977       31.5710506               1
   5.50000000       31.8901405               1
   5.50999975       32.2060280               1
   5.51999998       32.5187035               1
   5.52999973       32.8281212               1
   5.53999996       33.1342659               1
   5.54999971       33.4370804               1
   5.55999994       33.7365685               1
   5.56999969       34.0326691               1
   5.57999992       34.3253784               1
   5.58999968       34.6146431               1
   5.59999990       34.9004593               1
   5.60999966       35.1827736               1
   5.61999989       35.4615860               1
   5.62999964       35.7368317               1
   5.63999987       36.0085220               1
   5.65000010       36.2766075               1
   5.65999985       36.5410576               1
   5.67000008       36.8018608               1
   5.67999983       37.0589752               1
   5.69000006       37.3123932               1
   5.69999981       37.5620689               1
   5.71000004       37.8080025               1
   5.71999979       38.0501404               1
   5.73000002       38.2884865               1
   5.73999977       38.5229950               1
   5.75000000       38.7536583               1
   5.75999975       38.9804382               1
   5.76999998       39.2033272               1
   5.77999973       39.4222908               1
   5.78999996       39.6373177               1
   5.79999971       39.8483734               1
   5.80999994       40.0554504               1
   5.81999969       40.2585182               1
   5.82999992       40.4575653               1
   5.83999968       40.6525574               1
   5.84999990       40.8434944               1
   5.85999966       41.0303383               1
   5.86999989       41.2130890               1
   5.87999964       41.3917084               1
   5.88999987       41.5662003               1
   5.90000010       41.7365303               1
   5.90999985       41.9026833               1
   5.92000008       42.0646477               1
   5.92999983       42.2224045               1
   5.94000006       42.3759422               1
   5.94999981       42.5252380               1
   5.96000004       42.6702881               1
   5.96999979       42.8110619               1
   5.98000002       42.9475670               1
   5.98999977       43.0797653               1
   6.00000000       43.2076607               1
   6.00999975       43.3312340               1
   6.01999998       43.4504814               1
   6.02999973       43.5653725               1
   6.03999996       43.6759148               1
   6.04999971       43.7820854               1
   6.05999994       43.8838806               1
   6.06999969       43.9812851               1
   6.07999992       44.0742950               1
   6.08999968       44.1628952               1
   6.09999990       44.2470779               1
   6.10999966       44.3268356               1
   6.11999989       44.4021645               1
   6.12999964       44.4730492               1
   6.13999987       44.5394897               1
   6.15000010       44.6014786               1
   6.15999985       44.6590042               1
   6.17000008       44.7120628               1
   6.17999983       44.7606506               1
   6.19000006       44.8047638               1
   6.19999981       44.8443947               1
   6.21000004       44.8795433               1
   6.21999979       44.9101982               1
   6.23000002       44.9363708               1
   6.23999977       44.9580460               1
   6.25000000       44.9752235               1
   6.25999975       44.9879074               1
   6.26999998       44.9960899               1
   6.27999973       44.9997711               1
   6.28999996       44.9989548               1
   6.29999971       44.9936371               1
  
   0.00000000       45.0099983               2
   9.99999978E-03   45.0154991               2
   1.99999996E-02   45.0164986               2
   2.99999993E-02   45.0129967               2
   3.99999991E-02   45.0049934               2
   4.99999970E-02   44.9924889               2
   5.99999987E-02   44.9754829               2
   7.00000003E-02   44.9539795               2
   7.99999982E-02   44.9279785               2
   8.99999961E-02   44.8974800               2
   9.99999940E-02   44.8624878               2
  0.109999999       44.8230057               2
  0.119999997       44.7790375               2
  0.129999995       44.7305870               2
  0.140000001       44.6776581               2
  0.149999991       44.6202583               2
  0.159999996       44.5583916               2
  0.170000002       44.4920616               2
  0.179999992       44.4212761               2
  0.189999998       44.3460426               2
  0.199999988       44.2663651               2
  0.209999993       44.1822548               2
  0.219999999       44.0937157               2
  0.229999989       44.0007591               2
  0.239999995       43.9033928               2
  0.250000000       43.8016281               2
  0.259999990       43.6954727               2
  0.269999981       43.5849342               2
  0.280000001       43.4700279               2
  0.289999992       43.3507614               2
  0.299999982       43.2271500               2
  0.310000002       43.0992050               2
  0.319999993       42.9669342               2
  0.329999983       42.8303566               2
  0.340000004       42.6894798               2
  0.349999994       42.5443192               2
  0.359999985       42.3948898               2
  0.370000005       42.2412071               2
  0.379999995       42.0832863               2
  0.389999986       41.9211388               2
  0.399999976       41.7547836               2
  0.409999996       41.5842361               2
  0.419999987       41.4095154               2
  0.429999977       41.2306366               2
  0.439999998       41.0476151               2
  0.449999988       40.8604698               2
  0.459999979       40.6692200               2
  0.469999999       40.4738846               2
  0.479999989       40.2744827               2
  0.489999980       40.0710335               2
  0.500000000       39.8635559               2
  0.509999990       39.6520729               2
  0.519999981       39.4366035               2
  0.529999971       39.2171669               2
  0.539999962       38.9937859               2
  0.550000012       38.7664833               2
  0.560000002       38.5352821               2
  0.569999993       38.3002052               2
  0.579999983       38.0612755               2
  0.589999974       37.8185158               2
  0.599999964       37.5719490               2
  0.610000014       37.3216019               2
  0.620000005       37.0674973               2
  0.629999995       36.8096581               2
  0.639999986       36.5481148               2
  0.649999976       36.2828903               2
  0.659999967       36.0140114               2
  0.669999957       35.7415009               2
  0.680000007       35.4653893               2
  0.689999998       35.1857033               2
  0.699999988       34.9024734               2
  0.709999979       34.6157227               2
  0.719999969       34.3254814               2
  0.729999959       34.0317802               2
  0.740000010       33.7346458               2
  0.750000000       33.4341087               2
  0.759999990       33.1301994               2
  0.769999981       32.8229446               2
  0.779999971       32.5123787               2
  0.789999962       32.1985283               2
  0.799999952       31.8814278               2
  0.810000002       31.5611076               2
  0.819999993       31.2375984               2
  0.829999983       30.9109344               2
  0.839999974       30.5811462               2
  0.849999964       30.2482662               2
  0.859999955       29.9123287               2
  0.870000005       29.5733662               2
  0.879999995       29.2314129               2
  0.889999986       28.8865013               2
  0.899999976       28.5386677               2
  0.909999967       28.1879444               2
  0.919999957       27.8343678               2
  0.930000007       27.4779720               2
  0.939999998       27.1187935               2
  0.949999988       26.7568665               2
  0.959999979       26.3922272               2
  0.969999969       26.0249138               2
  0.979999959       25.6549606               2
  0.989999950       25.2824039               2
   1.00000000       24.9072819               2
   1.00999999       24.5296326               2
   1.01999998       24.1494923               2
   1.02999997       23.7668991               2
   1.03999996       23.3818913               2
   1.04999995       22.9945068               2
   1.05999994       22.6047840               2
   1.06999993       22.2127609               2
   1.07999992       21.8184776               2
   1.09000003       21.4219742               2
   1.10000002       21.0232887               2
   1.11000001       20.6224613               2
   1.12000000       20.2195301               2
   1.13000000       19.8145370               2
   1.13999999       19.4075222               2
   1.14999998       18.9985256               2
   1.15999997       18.5875893               2
   1.16999996       18.1747532               2
   1.17999995       17.7600574               2
   1.18999994       17.3435440               2
   1.19999993       16.9252548               2
   1.20999992       16.5052319               2
   1.22000003       16.0835152               2
   1.23000002       15.6601486               2
   1.24000001       15.2351742               2
   1.25000000       14.8086338               2
   1.25999999       14.3805695               2
   1.26999998       13.9510241               2
   1.27999997       13.5200405               2
   1.28999996       13.0876617               2
   1.29999995       12.6539316               2
   1.30999994       12.2188921               2
   1.31999993       11.7825871               2
   1.32999992       11.3450603               2
   1.33999991       10.9063559               2
   1.35000002       10.4665165               2
   1.36000001       10.0255871               2
   1.37000000       9.58361053               2
   1.38000000       9.14063168               2
   1.38999999       8.69669437               2
   1.39999998       8.25184250               2
   1.40999997       7.80612135               2
   1.41999996       7.35957479               2
   1.42999995       6.91224766               2
   1.43999994       6.46418476               2
   1.44999993       6.01543045               2
   1.45999992       5.56603003               2
   1.46999991       5.11602783               2
   1.48000002       4.66546917               2
   1.49000001       4.21439886               2
   1.50000000       3.76286197               2
   1.50999999       3.31090379               2
   1.51999998       2.85856915               2
   1.52999997       2.40590358               2
   1.53999996       1.95295215               2
   1.54999995       1.49976003               2
   1.55999994       1.04637265               2
   1.56999993      0.592835248               2
   1.57999992      0.139193207               2
   1.58999991     -0.314508110               2
   1.59999990     -0.768223345               2
   1.61000001      -1.22190714               2
   1.62000000      -1.67551410               2
   1.63000000      -2.12899899               2
   1.63999999      -2.58231616               2
   1.64999998      -3.03542042               2
   1.65999997      -3.48826647               2
   1.66999996      -3.94080901               2
   1.67999995      -4.39300299               2
   1.68999994      -4.84480286               2
   1.69999993      -5.29616308               2
   1.70999992      -5.74703884               2
   1.71999991      -6.19738531               2
   1.73000002      -6.64715672               2
   1.74000001      -7.09630871               2
   1.75000000      -7.54479599               2
   1.75999999      -7.99257326               2
   1.76999998      -8.43959618               2
   1.77999997      -8.88582039               2
   1.78999996      -9.33120060               2
   1.79999995      -9.77569199               2
   1.80999994      -10.2192497               2
   1.81999993      -10.6618299               2
   1.82999992      -11.1033888               2
   1.83999991      -11.5438814               2
   1.84999990      -11.9832630               2
   1.86000001      -12.4214907               2
   1.87000000      -12.8585205               2
   1.88000000      -13.2943077               2
   1.88999999      -13.7288094               2
   1.89999998      -14.1619816               2
   1.90999997      -14.5937805               2
   1.91999996      -15.0241632               2
   1.92999995      -15.4530869               2
   1.93999994      -15.8805075               2
   1.94999993      -16.3063831               2
   1.95999992      -16.7306709               2
   1.96999991      -17.1533279               2
   1.97999990      -17.5743122               2
   1.99000001      -17.9935818               2
   2.00000000      -18.4110928               2
   2.00999999      -18.8268051               2
   2.01999998      -19.2406769               2
   2.02999997      -19.6526642               2
   2.03999996      -20.0627289               2
   2.04999995      -20.4708271               2
   2.05999994      -20.8769188               2
   2.06999993      -21.2809639               2
   2.07999992      -21.6829224               2
   2.08999991      -22.0827522               2
   2.09999990      -22.4804134               2
   2.10999990      -22.8758659               2
   2.11999989      -23.2690716               2
   2.12999988      -23.6599884               2
   2.13999987      -24.0485783               2
   2.14999986      -24.4348030               2
   2.15999985      -24.8186226               2
   2.16999984      -25.1999989               2
   2.18000007      -25.5788937               2
   2.19000006      -25.9552689               2
   2.20000005      -26.3290863               2
   2.21000004      -26.7003078               2
   2.22000003      -27.0688953               2
   2.23000002      -27.4348125               2
   2.24000001      -27.7980232               2
   2.25000000      -28.1584911               2
   2.25999999      -28.5161781               2
   2.26999998      -28.8710499               2
   2.27999997      -29.2230701               2
   2.28999996      -29.5722027               2
   2.29999995      -29.9184132               2
   2.30999994      -30.2616673               2
   2.31999993      -30.6019287               2
   2.32999992      -30.9391651               2
   2.33999991      -31.2733402               2
   2.34999990      -31.6044216               2
   2.35999990      -31.9323769               2
   2.36999989      -32.2571716               2
   2.37999988      -32.5787735               2
   2.38999987      -32.8971481               2
   2.39999986      -33.2122650               2
   2.40999985      -33.5240936               2
   2.41999984      -33.8325996               2
   2.42999983      -34.1377525               2
   2.44000006      -34.4395218               2
   2.45000005      -34.7378769               2
   2.46000004      -35.0327911               2
   2.47000003      -35.3242302               2
   2.48000002      -35.6121674               2
   2.49000001      -35.8965721               2
   2.50000000      -36.1774139               2
   2.50999999      -36.4546661               2
   2.51999998      -36.7283020               2
   2.52999997      -36.9982910               2
   2.53999996      -37.2646065               2
   2.54999995      -37.5272217               2
   2.55999994      -37.7861099               2
   2.56999993      -38.0412483               2
   2.57999992      -38.2926064               2
   2.58999991      -38.5401611               2
   2.59999990      -38.7838860               2
   2.60999990      -39.0237579               2
   2.61999989      -39.2597504               2
   2.62999988      -39.4918404               2
   2.63999987      -39.7200050               2
   2.64999986      -39.9442215               2
   2.65999985      -40.1644630               2
   2.66999984      -40.3807106               2
   2.67999983      -40.5929413               2
   2.69000006      -40.8011360               2
   2.70000005      -41.0052719               2
   2.71000004      -41.2053261               2
   2.72000003      -41.4012794               2
   2.73000002      -41.5931129               2
   2.74000001      -41.7808075               2
   2.75000000      -41.9643402               2
   2.75999999      -42.1436958               2
   2.76999998      -42.3188553               2
   2.77999997      -42.4897995               2
   2.78999996      -42.6565132               2
   2.79999995      -42.8189774               2
   2.80999994      -42.9771767               2
   2.81999993      -43.1310921               2
   2.82999992      -43.2807121               2
   2.83999991      -43.4260178               2
   2.84999990      -43.5669975               2
   2.85999990      -43.7036324               2
   2.86999989      -43.8359108               2
   2.87999988      -43.9638176               2
   2.88999987      -44.0873413               2
   2.89999986      -44.2064705               2
   2.90999985      -44.3211899               2
   2.91999984      -44.4314880               2
   2.92999983      -44.5373535               2
   2.93999982      -44.6387787               2
   2.95000005      -44.7357483               2
   2.96000004      -44.8282547               2
   2.97000003      -44.9162865               2
   2.98000002      -44.9998360               2
   2.99000001      -45.0788956               2
   3.00000000      -45.1534538               2
   3.00999999      -45.2235031               2
   3.01999998      -45.2890396               2
   3.02999997      -45.3500519               2
   3.03999996      -45.4065361               2
   3.04999995      -45.4584846               2
   3.05999994      -45.5058937               2
   3.06999993      -45.5487556               2
   3.07999992      -45.5870667               2
   3.08999991      -45.6208229               2
   3.09999990      -45.6500206               2
   3.10999990      -45.6746559               2
   3.11999989      -45.6947289               2
   3.12999988      -45.7102318               2
   3.13999987      -45.7211647               2
   3.14999986      -45.7275276               2
   3.15999985      -45.7293205               2
   3.16999984      -45.7265396               2
   3.17999983      -45.7191849               2
   3.18999982      -45.7072563               2
   3.19999981      -45.6907578               2
   3.21000004      -45.6696892               2
   3.22000003      -45.6440506               2
   3.23000002      -45.6138458               2
   3.24000001      -45.5790749               2
   3.25000000      -45.5397415               2
   3.25999999      -45.4958534               2
   3.26999998      -45.4474106               2
   3.27999997      -45.3944168               2
   3.28999996      -45.3368797               2
   3.29999995      -45.2748032               2
   3.30999994      -45.2081909               2
   3.31999993      -45.1370506               2
   3.32999992      -45.0613899               2
   3.33999991      -44.9812164               2
   3.34999990      -44.8965378               2
   3.35999990      -44.8073616               2
   3.36999989      -44.7136955               2
   3.37999988      -44.6155472               2
   3.38999987      -44.5129280               2
   3.39999986      -44.4058456               2
   3.40999985      -44.2943153               2
   3.41999984      -44.1783409               2
   3.42999983      -44.0579376               2
   3.43999982      -43.9331169               2
   3.44999981      -43.8038902               2
   3.46000004      -43.6702728               2
   3.47000003      -43.5322723               2
   3.48000002      -43.3899078               2
   3.49000001      -43.2431870               2
   3.50000000      -43.0921288               2
   3.50999999      -42.9367447               2
   3.51999998      -42.7770538               2
   3.52999997      -42.6130676               2
   3.53999996      -42.4448051               2
   3.54999995      -42.2722816               2
   3.55999994      -42.0955124               2
   3.56999993      -41.9145164               2
   3.57999992      -41.7293091               2
   3.58999991      -41.5399132               2
   3.59999990      -41.3463440               2
   3.60999990      -41.1486206               2
   3.61999989      -40.9467621               2
   3.62999988      -40.7407875               2
   3.63999987      -40.5307198               2
   3.64999986      -40.3165779               2
   3.65999985      -40.0983810               2
   3.66999984      -39.8761520               2
   3.67999983      -39.6499138               2
   3.68999982      -39.4196892               2
   3.69999981      -39.1855011               2
   3.70999980      -38.9473686               2
   3.72000003      -38.7053185               2
   3.73000002      -38.4593735               2
   3.74000001      -38.2095566               2
   3.75000000      -37.9558945               2
   3.75999999      -37.6984100               2
   3.76999998      -37.4371338               2
   3.77999997      -37.1720848               2
   3.78999996      -36.9032936               2
   3.79999995      -36.6307831               2
   3.80999994      -36.3545837               2
   3.81999993      -36.0747223               2
   3.82999992      -35.7912254               2
   3.83999991      -35.5041199               2
   3.84999990      -35.2134361               2
   3.85999990      -34.9192009               2
   3.86999989      -34.6214447               2
   3.87999988      -34.3201981               2
   3.88999987      -34.0154877               2
   3.89999986      -33.7073441               2
   3.90999985      -33.3958015               2
   3.91999984      -33.0808868               2
   3.92999983      -32.7626343               2
   3.93999982      -32.4410706               2
   3.94999981      -32.1162338               2
   3.95999980      -31.7881508               2
   3.97000003      -31.4568558               2
   3.98000002      -31.1223831               2
   3.99000001      -30.7847652               2
   4.00000000      -30.4440346               2
   4.00999975      -30.1002254               2
   4.01999998      -29.7533722               2
   4.02999973      -29.4035091               2
   4.03999996      -29.0506706               2
   4.04999971      -28.6948910               2
   4.05999994      -28.3362064               2
   4.06999969      -27.9746532               2
   4.07999992      -27.6102657               2
   4.08999968      -27.2430801               2
   4.09999990      -26.8731346               2
   4.11000013      -26.5004635               2
   4.11999989      -26.1251049               2
   4.13000011      -25.7470970               2
   4.13999987      -25.3664761               2
   4.15000010      -24.9832802               2
   4.15999985      -24.5975494               2
   4.17000008      -24.2093201               2
   4.17999983      -23.8186302               2
   4.19000006      -23.4255199               2
   4.19999981      -23.0300274               2
   4.21000004      -22.6321926               2
   4.21999979      -22.2320538               2
   4.23000002      -21.8296528               2
   4.23999977      -21.4250278               2
   4.25000000      -21.0182209               2
   4.25999975      -20.6092701               2
   4.26999998      -20.1982174               2
   4.27999973      -19.7851048               2
   4.28999996      -19.3699722               2
   4.29999971      -18.9528618               2
   4.30999994      -18.5338135               2
   4.31999969      -18.1128693               2
   4.32999992      -17.6900730               2
   4.33999968      -17.2654648               2
   4.34999990      -16.8390884               2
   4.36000013      -16.4109840               2
   4.36999989      -15.9811964               2
   4.38000011      -15.5497675               2
   4.38999987      -15.1167412               2
   4.40000010      -14.6821594               2
   4.40999985      -14.2460661               2
   4.42000008      -13.8085051               2
   4.42999983      -13.3695192               2
   4.44000006      -12.9291525               2
   4.44999981      -12.4874487               2
   4.46000004      -12.0444517               2
   4.46999979      -11.6002064               2
   4.48000002      -11.1547565               2
   4.48999977      -10.7081470               2
   4.50000000      -10.2604218               2
   4.50999975      -9.81162548               2
   4.51999998      -9.36180305               2
   4.52999973      -8.91099930               2
   4.53999996      -8.45925999               2
   4.54999971      -8.00662899               2
   4.55999994      -7.55315208               2
   4.56999969      -7.09887457               2
   4.57999992      -6.64384174               2
   4.58999968      -6.18809938               2
   4.59999990      -5.73169231               2
   4.61000013      -5.27466679               2
   4.61999989      -4.81706810               2
   4.63000011      -4.35894156               2
   4.63999987      -3.90033340               2
   4.65000010      -3.44128942               2
   4.65999985      -2.98185539               2
   4.67000008      -2.52207732               2
   4.67999983      -2.06200099               2
   4.69000006      -1.60167241               2
   4.69999981      -1.14113772               2
   4.71000004     -0.680442810               2
   4.71999979     -0.219633847               2
   4.73000002      0.241243184               2
   4.73999977      0.702142179               2
   4.75000000       1.16301703               2
   4.75999975       1.62382174               2
   4.76999998       2.08451009               2
   4.77999973       2.54503608               2
   4.78999996       3.00535369               2
   4.79999971       3.46541667               2
   4.80999994       3.92517924               2
   4.81999969       4.38459539               2
   4.82999992       4.84361887               2
   4.83999968       5.30220366               2
   4.84999990       5.76030445               2
   4.85999966       6.21787500               2
   4.86999989       6.67486954               2
   4.88000011       7.13124228               2
   4.88999987       7.58694744               2
   4.90000010       8.04193974               2
   4.90999985       8.49617290               2
   4.92000008       8.94960213               2
   4.92999983       9.40218163               2
   4.94000006       9.85386658               2
   4.94999981       10.3046112               2
   4.96000004       10.7543697               2
   4.96999979       11.2030983               2
   4.98000002       11.6507511               2
   4.98999977       12.0972843               2
   5.00000000       12.5426521               2
   5.00999975       12.9868097               2
   5.01999998       13.4297132               2
   5.02999973       13.8713179               2
   5.03999996       14.3115797               2
   5.04999971       14.7504549               2
   5.05999994       15.1878986               2
   5.06999969       15.6238670               2
   5.07999992       16.0583172               2
   5.08999968       16.4912052               2
   5.09999990       16.9224873               2
   5.10999966       17.3521194               2
   5.11999989       17.7800598               2
   5.13000011       18.2062645               2
   5.13999987       18.6306915               2
   5.15000010       19.0532990               2
   5.15999985       19.4740429               2
   5.17000008       19.8928814               2
   5.17999983       20.3097725               2
   5.19000006       20.7246742               2
   5.19999981       21.1375446               2
   5.21000004       21.5483418               2
   5.21999979       21.9570255               2
   5.23000002       22.3635540               2
   5.23999977       22.7678871               2
   5.25000000       23.1699848               2
   5.25999975       23.5698051               2
   5.26999998       23.9673080               2
   5.27999973       24.3624554               2
   5.28999996       24.7552052               2
   5.29999971       25.1455193               2
   5.30999994       25.5333576               2
   5.31999969       25.9186802               2
   5.32999992       26.3014507               2
   5.33999968       26.6816292               2
   5.34999990       27.0591774               2
   5.35999966       27.4340572               2
   5.36999989       27.8062305               2
   5.38000011       28.1756611               2
   5.38999987       28.5423107               2
   5.40000010       28.9061432               2
   5.40999985       29.2671223               2
   5.42000008       29.6252098               2
   5.42999983       29.9803715               2
   5.44000006       30.3325691               2
   5.44999981       30.6817703               2
   5.46000004       31.0279369               2
   5.46999979       31.3710365               2
   5.48000002       31.7110329               2
   5.48999977       32.0478935               2
   5.50000000       32.3815804               2
   5.50999975       32.7120628               2
   5.51999998       33.0393066               2
   5.52999973       33.3632812               2
   5.53999996       33.6839523               2
   5.54999971       34.0012856               2
   5.55999994       34.3152504               2
   5.56999969       34.6258163               2
   5.57999992       34.9329491               2
   5.58999968       35.2366180               2
   5.59999990       35.5367966               2
   5.60999966       35.8334503               2
   5.61999989       36.1265488               2
   5.62999964       36.4160652               2
   5.63999987       36.7019691               2
   5.65000010       36.9842300               2
   5.65999985       37.2628212               2
   5.67000008       37.5377159               2
   5.67999983       37.8088837               2
   5.69000006       38.0762978               2
   5.69999981       38.3399315               2
   5.71000004       38.5997581               2
   5.71999979       38.8557510               2
   5.73000002       39.1078835               2
   5.73999977       39.3561287               2
   5.75000000       39.6004639               2
   5.75999975       39.8408623               2
   5.76999998       40.0773010               2
   5.77999973       40.3097572               2
   5.78999996       40.5382042               2
   5.79999971       40.7626190               2
   5.80999994       40.9829826               2
   5.81999969       41.1992683               2
   5.82999992       41.4114571               2
   5.83999968       41.6195259               2
   5.84999990       41.8234520               2
   5.85999966       42.0232162               2
   5.86999989       42.2187996               2
   5.87999964       42.4101791               2
   5.88999987       42.5973396               2
   5.90000010       42.7802582               2
   5.90999985       42.9589157               2
   5.92000008       43.1332970               2
   5.92999983       43.3033791               2
   5.94000006       43.4691505               2
   5.94999981       43.6305923               2
   5.96000004       43.7876854               2
   5.96999979       43.9404144               2
   5.98000002       44.0887642               2
   5.98999977       44.2327232               2
   6.00000000       44.3722725               2
   6.00999975       44.5073967               2
   6.01999998       44.6380844               2
   6.02999973       44.7643204               2
   6.03999996       44.8860931               2
   6.04999971       45.0033913               2
   6.05999994       45.1161995               2
   6.06999969       45.2245064               2
   6.07999992       45.3283043               2
   6.08999968       45.4275780               2
   6.09999990       45.5223198               2
   6.10999966       45.6125183               2
   6.11999989       45.6981659               2
   6.12999964       45.7792511               2
   6.13999987       45.8557663               2
   6.15000010       45.9277039               2
   6.15999985       45.9950562               2
   6.17000008       46.0578156               2
   6.17999983       46.1159744               2
   6.19000006       46.1695290               2
   6.19999981       46.2184715               2
   6.21000004       46.2627983               2
   6.21999979       46.3025017               2
   6.23000002       46.3375778               2
   6.23999977       46.3680229               2
   6.25000000       46.3938370               2
   6.25999975       46.4150124               2
   6.26999998       46.4315491               2
   6.27999973       46.4434433               2
   6.28999996       46.4506950               2
   6.29999971       46.4533043               2
