   0.00000000       0.00000000    
   1.44888866      0.339228570    
   2.89777732      0.580457091    
   4.34666634      0.723685741    
   5.79555464      0.768914223    
   7.24444342      0.716142774    
   8.69333267      0.565371394    
   10.1422205      0.316599846    
   0.00000000       0.00000000    
   1.29903817      0.700999975    
   2.59807634       1.30400002    
   3.89711452       1.80900002    
   5.19615269       2.21600008    
   6.49519062       2.52500010    
   7.79422903       2.73600006    
   9.09326649       2.84899998    
   10.3923054       2.86399984    
   11.6913433       2.78100014    
   12.9903812       2.59999990    
   14.2894201       2.32099962    
   15.5884581       1.94399977    
   16.8874969       1.46899986    
   18.1865330      0.895999908    
   19.4855728      0.224999428    
   0.00000000       0.00000000    
   1.06066024       1.01166022    
   2.12132049       1.92532051    
   3.18198061       2.74098063    
   4.24264097       3.45864105    
   5.30330086       4.07830095    
   6.36396122       4.59996128    
   7.42462111       5.02362108    
   8.48528194       5.34928179    
   9.54594231       5.57694197    
   10.6066017       5.70660162    
   11.6672621       5.73826170    
   12.7279224       5.67192221    
   13.7885828       5.50758171    
   14.8492422       5.24524212    
   15.9099026       4.88490200    
   16.9705639       4.42656326    
   18.0312233       3.87022305    
   19.0918846       3.21588326    
   20.1525421       2.46354103    
   21.2132034       1.61320305    
   22.2738647      0.664861679    
   0.00000000       0.00000000    
  0.749999940       1.25003815    
   1.49999988       2.40207624    
   2.25000000       3.45611453    
   2.99999976       4.41215277    
   3.74999976       5.27019072    
   4.50000000       6.03022909    
   5.24999952       6.69226646    
   5.99999952       7.25630522    
   6.75000000       7.72234297    
   7.49999952       8.09038162    
   8.25000000       8.36042023    
   9.00000000       8.53245735    
   9.75000000       8.60649586    
   10.4999990       8.58253288    
   11.2499990       8.46057224    
   11.9999990       8.24061012    
   12.7500000       7.92264843    
   13.5000000       7.50668526    
   14.2499990       6.99272346    
   14.9999990       6.38076210    
   15.7500000       5.67079926    
   16.5000000       4.86283875    
   17.2499981       3.95687485    
   18.0000000       2.95291519    
   18.7499981       1.85095215    
   19.5000000      0.650989532    
   0.00000000       0.00000000    
  0.388228446       1.39988875    
  0.776456892       2.70177746    
   1.16468537       3.90566635    
   1.55291378       5.01155519    
   1.94114220       6.01944399    
   2.32937074       6.92933273    
   2.71759915       7.74122143    
   3.10582757       8.45511055    
   3.49405599       9.07099915    
   3.88228440       9.58888817    
   4.27051306       10.0087757    
   4.65874147       10.3306656    
   5.04696989       10.5545549    
   5.43519831       10.6804428    
   5.82342672       10.7083311    
   6.21165514       10.6382198    
   6.59988356       10.4701090    
   6.98811197       10.2039986    
   7.37634039       9.83988571    
   7.76456881       9.37777519    
   8.15279770       8.81766319    
   8.54102612       8.15955162    
   8.92925358       7.40343857    
   9.31748295       6.54932976    
   9.70571136       5.59722137    
   10.0939398       4.54710770    
   10.4821682       3.39899826    
   10.8703966       2.15288544    
   11.2586250      0.808773041    
  -0.00000000       0.00000000    
  -6.55670860E-08   1.45099998    
  -1.31134172E-07   2.80399990    
  -1.96701251E-07   4.05900002    
  -2.62268344E-07   5.21600008    
  -3.27835409E-07   6.27500010    
  -3.93402502E-07   7.23600006    
  -4.58969566E-07   8.09899998    
  -5.24536688E-07   8.86400032    
  -5.90103753E-07   9.53100014    
  -6.55670817E-07   10.1000004    
  -7.21237939E-07   10.5709991    
  -7.86805003E-07   10.9440002    
  -8.52372125E-07   11.2190008    
  -9.17939133E-07   11.3959999    
  -9.83506197E-07   11.4749994    
  -1.04907338E-06   11.4559994    
  -1.11464044E-06   11.3389997    
  -1.18020751E-06   11.1240005    
  -1.24577457E-06   10.8109989    
  -1.31134163E-06   10.3999996    
  -1.37690881E-06   9.89099884    
  -1.44247588E-06   9.28399849    
  -1.50804283E-06   8.57899857    
  -1.57361001E-06   7.77599907    
  -1.63917707E-06   6.87500000    
  -1.70474425E-06   5.87599945    
  -1.77031120E-06   4.77899933    
  -1.83587827E-06   3.58399963    
  -1.90144544E-06   2.29099655    
  -1.96701239E-06  0.899997711    
