   0.00000000       0.00000000    
   4.63644409       1.19333136    
   9.27288818       2.28866267    
   13.9093332       3.28599429    
   18.5457764       4.18532562    
   23.1822205       4.98665714    
   27.8186665       5.68998861    
   32.4551086       6.29531956    
   37.0915527       6.80265093    
   41.7279968       7.21198320    
   46.3644409       7.52331400    
   51.0008850       7.73664522    
   55.6373329       7.85197687    
   60.2737770       7.86930752    
   64.9102173       7.78863907    
   69.5466614       7.60997105    
   74.1831055       7.33330154    
   78.8195496       6.95863438    
   83.4559937       6.48596573    
   88.0924377       5.91529465    
   92.7288818       5.24662781    
   97.3653336       4.47995758    
   102.001770       3.61528969    
   106.638214       2.65262032    
   111.274666       1.59195328    
   115.911102      0.433284760    
  
 #
  
   0.00000000       0.00000000    
   4.15692186       2.35100007    
   8.31384373       4.60400009    
   12.4707661       6.75900030    
   16.6276875       8.81599998    
   20.7846088       10.7749996    
   24.9415321       12.6360006    
   29.0984516       14.3989992    
   33.2553749       16.0640011    
   37.4122963       17.6310005    
   41.5692177       19.1000004    
   45.7261391       20.4710007    
   49.8830643       21.7440014    
   54.0399857       22.9189987    
   58.1969032       23.9959984    
   62.3538284       24.9749985    
   66.5107498       25.8560009    
   70.6676712       26.6390038    
   74.8245926       27.3239994    
   78.9815140       27.9109974    
   83.1384354       28.3999996    
   87.2953644       28.7909985    
   91.4522781       29.0840015    
   95.6091995       29.2789955    
   99.7661285       29.3760014    
   103.923042       29.3750000    
   108.079971       29.2759972    
   112.236893       29.0790024    
   116.393806       28.7839966    
   120.550735       28.3910027    
   124.707657       27.8999977    
   128.864578       27.3109970    
   133.021500       26.6240005    
   137.178421       25.8389969    
   141.335342       24.9560051    
   145.492264       23.9750023    
   149.649185       22.8959961    
   153.806107       21.7190018    
   157.963028       20.4439926    
   162.119949       19.0709991    
   166.276871       17.5999985    
   170.433792       16.0309982    
   174.590729       14.3639908    
   178.747650       12.5989914    
   182.904556       10.7360001    
   187.061478       8.77499390    
   191.218399       6.71598816    
   195.375336       4.55898285    
   199.532257       2.30400085    
  
 #
  
   0.00000000       0.00000000    
   3.39411235       3.34511232    
   6.78822470       6.59222460    
   10.1823378       9.74133778    
   13.5764494       12.7924490    
   16.9705620       15.7455616    
   20.3646755       18.6006756    
   23.7587872       21.3577881    
   27.1528988       24.0168991    
   30.5470123       26.5780125    
   33.9411240       29.0411243    
   37.3352356       31.4062347    
   40.7293510       33.6733513    
   44.1234627       35.8424606    
   47.5175743       37.9135742    
   50.9116859       39.8866844    
   54.3057976       41.7617950    
   57.6999130       43.5389137    
   61.0940247       45.2180252    
   64.4881363       46.7991333    
   67.8822479       48.2822495    
   71.2763672       49.6673660    
   74.6704712       50.9544678    
   78.0645828       52.1435814    
   81.4587021       53.2347031    
   84.8528137       54.2278137    
   88.2469254       55.1229210    
   91.6410370       55.9200363    
   95.0351486       56.6191483    
   98.4292603       57.2202568    
   101.823372       57.7233696    
   105.217491       58.1284866    
   108.611595       58.4355927    
   112.005707       58.6447067    
   115.399826       58.7558250    
   118.793930       58.7689323    
   122.188049       58.6840439    
   125.582161       58.5011597    
   128.976273       58.2202682    
   132.370392       57.8413849    
   135.764496       57.3644943    
   139.158600       56.7896042    
   142.552734       56.1167221    
   145.946838       55.3458252    
   149.340942       54.4769363    
   152.735062       53.5100555    
   156.129166       52.4451599    
   159.523285       51.2822647    
   162.917404       50.0214005    
   166.311508       48.6625061    
   169.705627       47.2056274    
   173.099731       45.6507339    
   176.493851       43.9978333    
   179.887970       42.2469635    
   183.282074       40.3980713    
   186.676178       38.4511719    
   190.070297       36.4062958    
   193.464417       34.2633972    
   196.858521       32.0225067    
   200.252640       29.6836243    
   203.646744       27.2467346    
   207.040848       24.7118530    
   210.434982       22.0789642    
   213.829086       19.3480682    
   217.223190       16.5191803    
   220.617310       13.5923004    
   224.011414       10.5674133    
   227.405533       7.44450378    
   230.799652       4.22364807    
   234.193756      0.904739380    
  
 #
  
   0.00000000       0.00000000    
   2.39999986       4.10792255    
   4.79999971       8.11784458    
   7.19999981       12.0297670    
   9.59999943       15.8436890    
   11.9999990       19.5596104    
   14.3999996       23.1775341    
   16.7999992       26.6974564    
   19.1999989       30.1193790    
   21.5999985       33.4432983    
   23.9999981       36.6692200    
   26.3999977       39.7971420    
   28.7999992       42.8270683    
   31.1999989       45.7589874    
   33.5999985       48.5929108    
   35.9999962       51.3288307    
   38.3999977       53.9667587    
   40.7999992       56.5066795    
   43.1999969       58.9486008    
   45.5999947       61.2925186    
   47.9999962       63.5384445    
   50.3999977       65.6863708    
   52.7999954       67.7362823    
   55.1999931       69.6882019    
   57.5999985       71.5421371    
   59.9999962       73.2980499    
   62.3999977       74.9559784    
   64.7999954       76.5158997    
   67.1999969       77.9778214    
   69.5999985       79.3417358    
   71.9999924       80.6076660    
   74.3999939       81.7755890    
   76.7999954       82.8455124    
   79.1999893       83.8174362    
   81.5999985       84.6913605    
   83.9999924       85.4672852    
   86.3999939       86.1451950    
   88.7999954       86.7251205    
   91.1999893       87.2070389    
   93.5999985       87.5909576    
   95.9999924       87.8768845    
   98.3999863       88.0648117    
   100.799995       88.1547318    
   103.199997       88.1466522    
   105.599991       88.0405655    
   107.999992       87.8364868    
   110.399986       87.5344086    
   112.799995       87.1343307    
   115.199997       86.6362686    
   117.599991       86.0401917    
   119.999992       85.3460999    
   122.399986       84.5540237    
   124.799995       83.6639404    
   127.199997       82.6758728    
   129.599991       81.5897980    
   131.999985       80.4057159    
   134.399994       79.1236420    
   136.800003       77.7435608    
   139.199997       76.2654724    
   141.599991       74.6893921    
   143.999985       73.0153198    
   146.399979       71.2432556    
   148.799988       69.3731689    
   151.199997       67.4050903    
   153.599991       65.3390198    
   155.999985       63.1749420    
   158.399979       60.9128723    
   160.799988       58.5527649    
   163.199997       56.0947113    
   165.599991       53.5386200    
   167.999985       50.8845673    
   170.399979       48.1324768    
   172.799988       45.2823792    
   175.199997       42.3343201    
   177.599991       39.2882385    
   179.999985       36.1441650    
   182.399979       32.9020691    
   184.799988       29.5619812    
   187.199997       26.1239014    
   189.599991       22.5878296    
   191.999985       18.9537659    
   194.399994       15.2216797    
   196.799973       11.3916321    
   199.199982       7.46350098    
   201.599991       3.43743896    
  
 #
  
   0.00000000       0.00000000    
   1.24233091       4.58744431    
   2.48466182       9.07688808    
   3.72699285       13.4683332    
   4.96932364       17.7617760    
   6.21165466       21.9572201    
   7.45398569       26.0546665    
   8.69631672       30.0541077    
   9.93864727       33.9555511    
   11.1809788       37.7589951    
   12.4233093       41.4644394    
   13.6656408       45.0718842    
   14.9079714       48.5813332    
   16.1503029       51.9927750    
   17.3926334       55.3062172    
   18.6349640       58.5216599    
   19.8772945       61.6391068    
   21.1196270       64.6585464    
   22.3619576       67.5799942    
   23.6042881       70.4034348    
   24.8466187       73.1288834    
   26.0889511       75.7563324    
   27.3312817       78.2857666    
   28.5736103       80.7172089    
   29.8159428       83.0506668    
   31.0582733       85.2861023    
   32.3006058       87.4235535    
   33.5429344       89.4629898    
   34.7852669       91.4044342    
   36.0275993       93.2478790    
   37.2699280       94.9933167    
   38.5122604       96.6407623    
   39.7545891       98.1902084    
   40.9969215       99.6416550    
   42.2392540       100.995102    
   43.4815826       102.250549    
   44.7239151       103.407982    
   45.9662437       104.467430    
   47.2085762       105.428871    
   48.4509087       106.292313    
   49.6932373       107.057762    
   50.9355659       107.725212    
   52.1779022       108.294655    
   53.4202309       108.766098    
   54.6625633       109.139534    
   55.9048920       109.414978    
   57.1472206       109.592422    
   58.3895569       109.671867    
   59.6318855       109.653328    
   60.8742180       109.536758    
   62.1165466       109.322205    
   63.3588753       109.009651    
   64.6012115       108.599091    
   65.8435440       108.090546    
   67.0858688       107.483978    
   68.3282013       106.779419    
   69.5705338       105.976868    
   70.8128662       105.076294    
   72.0551987       104.077744    
   73.2975235       102.981186    
   74.5398560       101.786636    
   75.7821884       100.494095    
   77.0245209       99.1035156    
   78.2668533       97.6149597    
   79.5091782       96.0284119    
   80.7515106       94.3438568    
   81.9938431       92.5613098    
   83.2361755       90.6807251    
   84.4785080       88.7021942    
   85.7208328       86.6256256    
   86.9631653       84.4510956    
   88.2054977       82.1785278    
   89.4478302       79.8079529    
   90.6901627       77.3394165    
   91.9324875       74.7728577    
   93.1748199       72.1083069    
   94.4171524       69.3457336    
   95.6594849       66.4851685    
   96.9018173       63.5266113    
   98.1441422       60.4700623    
   99.3864746       57.3155212    
   100.628807       54.0629578    
   101.871132       50.7124329    
   103.113472       47.2638245    
   104.355804       43.7172852    
   105.598129       40.0727234    
   106.840462       36.3301697    
   108.082787       32.4896240    
   109.325127       28.5510559    
   110.567459       24.5144958    
   111.809784       20.3799438    
   113.052116       16.1473999    
   114.294441       11.8168335    
   115.536781       7.38824463    
   116.779114       2.86169434    
  
 #
  
  -0.00000000       0.00000000    
  -2.09814658E-07   4.75100040    
  -4.19629316E-07   9.40400028    
  -6.29444003E-07   13.9590006    
  -8.39258632E-07   18.4160004    
  -1.04907326E-06   22.7749996    
  -1.25888801E-06   27.0360012    
  -1.46870252E-06   31.1989975    
  -1.67851726E-06   35.2639999    
  -1.88833189E-06   39.2309990    
  -2.09814652E-06   43.0999985    
  -2.30796127E-06   46.8710022    
  -2.51777601E-06   50.5440025    
  -2.72759053E-06   54.1189995    
  -2.93740504E-06   57.5959969    
  -3.14721979E-06   60.9749985    
  -3.35703453E-06   64.2560043    
  -3.56684927E-06   67.4390030    
  -3.77666379E-06   70.5240021    
  -3.98647853E-06   73.5109940    
  -4.19629305E-06   76.4000015    
  -4.40610802E-06   79.1910019    
  -4.61592253E-06   81.8840027    
  -4.82573705E-06   84.4789886    
  -5.03555202E-06   86.9760056    
  -5.24536608E-06   89.3750000    
  -5.45518105E-06   91.6759949    
  -5.66499557E-06   93.8790054    
  -5.87481009E-06   95.9839935    
  -6.08462506E-06   97.9910126    
  -6.29443957E-06   99.8999939    
  -6.50425454E-06   101.710999    
  -6.71406906E-06   103.424004    
  -6.92388357E-06   105.038994    
  -7.13369855E-06   106.556015    
  -7.34351306E-06   107.975006    
  -7.55332758E-06   109.295998    
  -7.76314209E-06   110.519005    
  -7.97295706E-06   111.643990    
  -8.18277204E-06   112.671005    
  -8.39258610E-06   113.599998    
  -8.60240016E-06   114.430992    
  -8.81221604E-06   115.163994    
  -9.02203010E-06   115.798996    
  -9.23184507E-06   116.336006    
  -9.44165913E-06   116.774994    
  -9.65147410E-06   117.115982    
  -9.86128907E-06   117.358986    
  -1.00711040E-05   117.504005    
  -1.02809181E-05   117.551010    
  -1.04907322E-05   117.500000    
  -1.07005471E-05   117.350990    
  -1.09103621E-05   117.103989    
  -1.11201771E-05   116.759003    
  -1.13299911E-05   116.316010    
  -1.15398061E-05   115.774994    
  -1.17496202E-05   115.135986    
  -1.19594361E-05   114.398987    
  -1.21692501E-05   113.564011    
  -1.23790651E-05   112.630997    
  -1.25888791E-05   111.599991    
  -1.27986932E-05   110.470993    
  -1.30085091E-05   109.243988    
  -1.32183231E-05   107.919006    
  -1.34281381E-05   106.496002    
  -1.36379522E-05   104.974991    
  -1.38477671E-05   103.355988    
  -1.40575821E-05   101.638977    
  -1.42673971E-05   99.8240204    
  -1.44772112E-05   97.9109955    
  -1.46870261E-05   95.9000092    
  -1.48968402E-05   93.7909851    
  -1.51066552E-05   91.5839844    
  -1.53164692E-05   89.2790222    
  -1.55262842E-05   86.8760071    
  -1.57360992E-05   84.3750000    
  -1.59459141E-05   81.7759705    
  -1.61557291E-05   79.0789795    
  -1.63655441E-05   76.2839966    
  -1.65753572E-05   73.3909912    
  -1.67851722E-05   70.3999939    
  -1.69949872E-05   67.3109741    
  -1.72048003E-05   64.1239929    
  -1.74146171E-05   60.8389893    
  -1.76244321E-05   57.4559631    
  -1.78342452E-05   53.9749756    
  -1.80440602E-05   50.3959656    
  -1.82538752E-05   46.7189636    
  -1.84636901E-05   42.9440002    
  -1.86735051E-05   39.0709534    
  -1.88833183E-05   35.0999756    
  -1.90931351E-05   31.0309753    
  -1.93029482E-05   26.8639526    
  -1.95127632E-05   22.5989685    
  -1.97225781E-05   18.2359314    
  -1.99323913E-05   13.7749939    
  -2.01422081E-05   9.21600342    
  -2.03520212E-05   4.55899048    
  
 #
  
